                 Estimate  Std. Error       t value     Pr(>|t|)
(Intercept)  1.497719e+00 0.013320535  1.124369e+02 0.000000e+00
X1          -1.666209e-01 0.042026248 -3.964687e+00 7.571895e-05
X2          -7.381180e-02 0.016069397 -4.593315e+00 4.596352e-06
X3           6.524385e-02 0.010867541  6.003552e+00 2.234738e-09
X4          -4.412859e-02 0.010496791 -4.204008e+00 2.721848e-05
X5           1.253240e-02 0.011507032  1.089108e+00 2.762196e-01
X6           1.121013e-02 0.010131513  1.106461e+00 2.686417e-01
X7           2.581530e-03 0.010977170  2.351726e-01 8.140956e-01
X8          -2.341767e-02 0.010965717 -2.135535e+00 3.282190e-02
X9          -1.143184e-02 0.011480486 -9.957631e-01 3.194692e-01
X10          1.213354e-02 0.011290945  1.074625e+00 2.826544e-01
X11          3.944031e-03 0.013842557  2.849207e-01 7.757304e-01
X12          6.868371e-03 0.010130693  6.779764e-01 4.978543e-01
X13         -1.981705e-03 0.065911745 -3.006603e-02 9.760170e-01
X14         -4.658352e-02 0.014043491 -3.317090e+00 9.236557e-04
X15         -5.261300e-02 0.013658494 -3.852035e+00 1.203193e-04
X16          4.712422e-02 0.014001847  3.365572e+00 7.763072e-04
X17         -1.901700e-03 0.009208634 -2.065128e-01 8.364085e-01
X18         -6.918616e-02 0.016784866 -4.121937e+00 3.889174e-05
X19          3.959608e-02 0.009664036  4.097261e+00 4.324394e-05
X20         -2.067642e-02 0.029859319 -6.924612e-01 4.887171e-01
X21          2.038467e-02 0.025035465  8.142317e-01 4.155959e-01
X22         -2.168102e-02 0.014077429 -1.540127e+00 1.236660e-01
X23          1.002433e-01 0.037015593  2.708136e+00 6.815967e-03
X24          1.341650e-02 0.012321966  1.088827e+00 2.763432e-01
X25         -9.081628e-03 0.015028362 -6.042992e-01 5.457039e-01
X26          1.381888e-03 0.011701516  1.180948e-01 9.060028e-01
X27         -4.184986e-02 0.017304908 -2.418381e+00 1.566639e-02
X28         -1.439004e-02 0.012548938 -1.146714e+00 2.516184e-01
X29          3.115810e-02 0.015889026  1.960982e+00 5.000071e-02
X30         -9.383182e-04 0.022771649 -4.120554e-02 9.671356e-01
X31          6.448252e-03 0.012368665  5.213377e-01 6.021813e-01
X32          4.278419e-03 0.014294188  2.993118e-01 7.647290e-01
X33          6.777330e-03 0.009903332  6.843484e-01 4.938236e-01
X34         -3.083969e-02 0.015101719 -2.042131e+00 4.125156e-02
X35          9.613162e-03 0.012603018  7.627667e-01 4.456802e-01
X36          2.083357e-02 0.009508411  2.191067e+00 2.854621e-02
X37          3.924711e-02 0.012075303  3.250196e+00 1.169768e-03
X38         -4.134375e-02 0.020040831 -2.062976e+00 3.922611e-02
X39          2.849110e-02 0.014834034  1.920657e+00 5.489751e-02
X40          3.817730e-02 0.012284614  3.107733e+00 1.908155e-03
X41         -2.483172e-02 0.020279067 -1.224500e+00 2.208882e-01
X42          5.472902e-03 0.011019381  4.966615e-01 6.194749e-01
X43         -3.475488e-02 0.013967474 -2.488272e+00 1.290632e-02
X44         -4.751070e-02 0.017513676 -2.712777e+00 6.721543e-03
X45          3.669538e-03 0.021971848  1.670109e-01 8.673761e-01
X46          4.197213e-02 0.011120215  3.774399e+00 1.644221e-04
X47         -1.633438e-02 0.019013262 -8.591046e-01 3.903717e-01
X48          1.851241e-02 0.015801679  1.171547e+00 2.414994e-01
X49         -4.543199e-02 0.014975946 -3.033664e+00 2.442855e-03
X50          7.387188e-03 0.021147967  3.493096e-01 7.268886e-01
X51          7.442478e-03 0.018344955  4.056962e-01 6.850033e-01
X52         -2.079480e-03 0.013749783 -1.512373e-01 8.798017e-01
X53          1.440909e-02 0.014294585  1.008011e+00 3.135546e-01
X54          2.127862e-02 0.013091621  1.625362e+00 1.042215e-01
X55          6.291587e-03 0.017083540  3.682836e-01 7.126954e-01
X56         -5.268484e-02 0.020688922 -2.546524e+00 1.094435e-02
X57         -4.355651e-02 0.020041031 -2.173367e+00 2.985370e-02
X58          8.883450e-02 0.019026230  4.669054e+00 3.198780e-06
X59          1.944737e-02 0.015478789  1.256389e+00 2.091018e-01
X60          2.534862e-02 0.008701970  2.912975e+00 3.614294e-03
X61          1.246683e-02 0.015114112  8.248470e-01 4.095434e-01
X62         -1.416415e-02 0.010365267 -1.366501e+00 1.719143e-01
X63         -2.188988e-02 0.016003324 -1.367833e+00 1.714969e-01
X64          4.036186e-02 0.016380637  2.463998e+00 1.381183e-02
X65         -3.624143e-02 0.017527655 -2.067672e+00 3.878169e-02
X66         -6.381351e-03 0.011523639 -5.537617e-01 5.797954e-01
X67          3.689201e-02 0.017993840  2.050258e+00 4.045156e-02
X68         -1.026017e-02 0.016359018 -6.271876e-01 5.305981e-01
X69         -9.951142e-04 0.022844147 -4.356101e-02 9.652581e-01
X70         -1.132622e-03 0.021370152 -5.300019e-02 9.577363e-01
X71         -5.835913e-02 0.022233838 -2.624789e+00 8.727239e-03
X72         -1.886626e-02 0.012827682 -1.470746e+00 1.414957e-01
X73          1.013529e-02 0.025305446  4.005182e-01 6.888118e-01
X74         -1.523445e-02 0.015309520 -9.950964e-01 3.197933e-01
X75         -1.764010e-02 0.009817035 -1.796887e+00 7.248382e-02
X76          5.211845e-02 0.017592406  2.962554e+00 3.082040e-03
X77          3.049512e-02 0.020480988  1.488948e+00 1.366373e-01
X78          7.527477e-02 0.025086981  3.000551e+00 2.723653e-03
X79         -1.292824e-02 0.020723156 -6.238547e-01 5.327844e-01
X80          8.094731e-03 0.043234248  1.872296e-01 8.514970e-01
X81         -1.982861e-02 0.013917896 -1.424684e+00 1.543831e-01
X82         -1.560168e-03 0.016256586 -9.597141e-02 9.235516e-01
X83         -2.451200e-02 0.011197510 -2.189058e+00 2.869209e-02
X84         -3.624170e-03 0.017524765 -2.068028e-01 8.361821e-01
X85          1.190268e-02 0.015973127  7.451691e-01 4.562451e-01
X86          3.387087e-02 0.020691172  1.636972e+00 1.017721e-01
X87          3.491073e-02 0.023988887  1.455287e+00 1.457252e-01
X88         -3.978559e-02 0.028729760 -1.384821e+00 1.662404e-01
X89         -3.333593e-02 0.016544013 -2.014985e+00 4.402156e-02
X90          5.566804e-02 0.032584992  1.708395e+00 8.769700e-02
X91         -4.173162e-02 0.020014596 -2.085059e+00 3.717316e-02
X92          3.235781e-02 0.019537463  1.656193e+00 9.781810e-02
X93         -1.506544e-02 0.016020297 -9.403968e-01 3.471121e-01
X94         -5.117104e-02 0.023629457 -2.165561e+00 3.044646e-02
X95          1.353568e-02 0.012618050  1.072723e+00 2.835070e-01
X96          3.436496e-03 0.010495526  3.274249e-01 7.433761e-01
X97         -3.180473e-02 0.017620127 -1.805023e+00 7.120086e-02
X98          2.778149e-02 0.019509763  1.423979e+00 1.545872e-01
X99         -1.145283e-02 0.017040834 -6.720815e-01 5.015988e-01
X100        -1.782836e-02 0.021916138 -8.134807e-01 4.160261e-01
X101         1.190879e-02 0.015466953  7.699508e-01 4.414076e-01
X102         3.200128e-03 0.024651791  1.298132e-01 8.967255e-01
X103        -5.386729e-03 0.020575592 -2.618019e-01 7.934975e-01
X104         5.624631e-02 0.022884159  2.457871e+00 1.404907e-02
X105        -1.669097e-02 0.018555089 -8.995362e-01 3.684606e-01
X106         7.864694e-02 0.035794869  2.197157e+00 2.810792e-02
X107         2.046244e-02 0.021474992  9.528497e-01 3.407656e-01
X108         5.996222e-03 0.009654526  6.210788e-01 5.346088e-01
X109         5.192710e-02 0.024893920  2.085935e+00 3.709366e-02
X110        -8.338499e-03 0.020172961 -4.133503e-01 6.793882e-01
X111         1.666465e-02 0.014850205  1.122183e+00 2.619008e-01
X112        -8.218577e-04 0.017358018 -4.734744e-02 9.622404e-01
X113         1.158953e-02 0.014367682  8.066385e-01 4.199576e-01
X114        -1.885148e-03 0.013732848 -1.372729e-01 8.908270e-01
X115         9.497497e-03 0.013251170  7.167290e-01 4.736136e-01
X116        -1.166817e-03 0.017580481 -6.637000e-02 9.470890e-01
X117         7.449035e-02 0.023719673  3.140446e+00 1.708182e-03
X118         8.797258e-02 0.022562825  3.899006e+00 9.933403e-05
X119         2.073827e-02 0.015267376  1.358339e+00 1.744885e-01
X120         7.393389e-02 0.010233290  7.224841e+00 6.776757e-13
X121         2.634448e-02 0.018449982  1.427886e+00 1.534593e-01
X122         5.399264e-02 0.028290983  1.908475e+00 5.645329e-02
X123        -5.018806e-02 0.019134727 -2.622878e+00 8.776187e-03
X124         2.569209e-02 0.025020092  1.026858e+00 3.045944e-01
X125         6.906413e-03 0.023364211  2.955980e-01 7.675636e-01
X126         1.359134e-02 0.008446242  1.609158e+00 1.077181e-01
X127         1.891163e-02 0.029034642  6.513472e-01 5.148870e-01
X128        -9.709577e-02 0.030931270 -3.139081e+00 1.716122e-03
X129         3.133916e-02 0.030833138  1.016412e+00 3.095395e-01
X130         4.031442e-02 0.027201826  1.482048e+00 1.384634e-01
X131         1.042920e-02 0.023157179  4.503657e-01 6.524889e-01
X132         7.782343e-03 0.009753986  7.978628e-01 4.250319e-01
X133         4.392184e-02 0.014208807  3.091170e+00 2.017409e-03
X134        -2.906033e-02 0.025833311 -1.124917e+00 2.607407e-01
X135        -2.123965e-02 0.016035056 -1.324576e+00 1.854424e-01
X136        -5.681959e-02 0.032674357 -1.738966e+00 8.217361e-02
X137        -1.256388e-02 0.024212345 -5.189038e-01 6.038774e-01
X138         2.876528e-02 0.020890925  1.376927e+00 1.686678e-01
X139        -2.652961e-02 0.031969864 -8.298317e-01 4.067194e-01
X140        -3.739658e-02 0.011065703 -3.379504e+00 7.381936e-04
X141        -9.919082e-03 0.025893892 -3.830665e-01 7.017056e-01
X142         1.381426e-02 0.014010069  9.860234e-01 3.242246e-01
X143        -5.221139e-02 0.024769214 -2.107915e+00 3.514552e-02
X144         6.282322e-02 0.027140978  2.314700e+00 2.071637e-02
X145        -5.175872e-04 0.025329290 -2.043434e-02 9.836987e-01
X146        -3.787421e-02 0.012027594 -3.148943e+00 1.659492e-03
X147         2.146663e-02 0.013374527  1.605038e+00 1.086217e-01
X148         7.148167e-02 0.025420294  2.811992e+00 4.965023e-03
X149         3.860599e-02 0.022362425  1.726377e+00 8.441284e-02
X150        -3.649626e-02 0.028235257 -1.292577e+00 1.962861e-01
X151        -1.228675e-01 0.041223311 -2.980535e+00 2.907396e-03
X152         3.578467e-02 0.018775488  1.905925e+00 5.678361e-02
X153         1.039866e-02 0.013414247  7.751955e-01 4.383032e-01
X154         8.393912e-03 0.019601367  4.282309e-01 6.685228e-01
X155         2.236425e-02 0.020479084  1.092053e+00 2.749232e-01
X156         3.800597e-02 0.026341289  1.442829e+00 1.492039e-01
X157        -1.611863e-02 0.028245647 -5.706591e-01 5.682861e-01
X158        -1.401426e-02 0.022454296 -6.241237e-01 5.326078e-01
X159         3.113637e-02 0.009949227  3.129527e+00 1.772676e-03
X160         4.315900e-03 0.011224867  3.844946e-01 7.006472e-01
X161        -4.214284e-03 0.013465664 -3.129652e-01 7.543353e-01
X162        -8.044268e-04 0.025963707 -3.098274e-02 9.752860e-01
X163         1.238552e-02 0.010162429  1.218755e+00 2.230611e-01
X164         1.499825e-02 0.014815775  1.012316e+00 3.114925e-01
X165         1.686268e-02 0.010879270  1.549983e+00 1.212822e-01
X166        -2.971159e-02 0.012255595 -2.424329e+00 1.541276e-02
X167        -1.889156e-02 0.026570804 -7.109893e-01 4.771624e-01
X168         5.318954e-02 0.020460466  2.599625e+00 9.391818e-03
X169         3.163588e-03 0.027128715  1.166140e-01 9.071760e-01
X170        -1.035228e-02 0.029823174 -3.471221e-01 7.285311e-01
X171        -4.510200e-02 0.025541340 -1.765843e+00 7.755387e-02
X172        -6.066473e-02 0.009898128 -6.128910e+00 1.036881e-09
X173         2.518371e-02 0.025542496  9.859534e-01 3.242589e-01
X174         1.625566e-02 0.028926729  5.619600e-01 5.741976e-01
X175         1.737507e-02 0.030639221  5.670858e-01 5.707108e-01
X176         3.069068e-03 0.024885414  1.233280e-01 9.018581e-01
X177         1.718586e-02 0.026162278  6.568947e-01 5.113139e-01
X178         5.106293e-02 0.025451687  2.006269e+00 4.494357e-02
X179        -5.950577e-02 0.027110788 -2.194911e+00 2.826888e-02
X180         3.275556e-02 0.025563400  1.281346e+00 2.002003e-01
X181         2.034861e-02 0.017332758  1.173997e+00 2.405168e-01
X182        -6.076201e-02 0.029702554 -2.045683e+00 4.090026e-02
X183         2.040040e-02 0.009758391  2.090550e+00 3.667719e-02
X184         9.159660e-02 0.026785010  3.419696e+00 6.377623e-04
X185         1.423915e-02 0.032985454  4.316798e-01 6.660143e-01
X186        -9.397414e-04 0.015166347 -6.196228e-02 9.505982e-01
X187         2.639173e-02 0.032049645  8.234641e-01 4.103289e-01
X188         1.718050e-02 0.011532704  1.489720e+00 1.364339e-01
X189        -2.100457e-02 0.037062709 -5.667306e-01 5.709521e-01
X190        -1.130353e-02 0.022688093 -4.982140e-01 6.183805e-01
X191        -2.118048e-02 0.018048819 -1.173510e+00 2.407118e-01
X192        -7.164513e-02 0.020822847 -3.440698e+00 5.904919e-04
X193         1.579804e-03 0.031624349  4.995532e-02 9.601623e-01
X194        -2.621915e-02 0.023520062 -1.114757e+00 2.650702e-01
X195         3.407799e-02 0.015134047  2.251743e+00 2.443180e-02
X196         2.041758e-02 0.024727859  8.256915e-01 4.090641e-01
X197         3.351694e-02 0.032159291  1.042217e+00 2.974200e-01
X198         3.054482e-02 0.011767770  2.595633e+00 9.501293e-03
X199        -9.752195e-03 0.009941625 -9.809458e-01 3.267219e-01
X200         2.256286e-02 0.011707733  1.927176e+00 5.407986e-02
X201        -5.247541e-02 0.017066865 -3.074695e+00 2.131756e-03
X202         3.280546e-02 0.013492673  2.431353e+00 1.511789e-02
X203        -1.658787e-02 0.018710160 -8.865700e-01 3.754025e-01
X204         3.717968e-02 0.034921721  1.064658e+00 2.871417e-01
X205        -1.841890e-02 0.018438558 -9.989340e-01 3.179310e-01
X206        -2.283917e-02 0.015021835 -1.520398e+00 1.285474e-01
X207        -5.651165e-03 0.016604963 -3.403298e-01 7.336390e-01
X208         1.258402e-02 0.033205071  3.789790e-01 7.047382e-01
X209        -6.376318e-02 0.021319004 -2.990908e+00 2.810808e-03
X210        -7.707705e-02 0.039750257 -1.939033e+00 5.261862e-02
X211         1.031577e-02 0.016323082  6.319747e-01 5.274658e-01
X212        -3.312150e-04 0.039745977 -8.333297e-03 9.933518e-01
X213        -1.932183e-02 0.016891924 -1.143850e+00 2.528039e-01
X214        -9.469967e-03 0.017117390 -5.532366e-01 5.801548e-01
X215         3.873563e-02 0.014242825  2.719659e+00 6.583703e-03
X216        -2.791370e-02 0.031870398 -8.758502e-01 3.812022e-01
X217         1.220241e-02 0.029944882  4.074956e-01 6.836817e-01
X218        -1.233262e-02 0.012858334 -9.591152e-01 3.376008e-01
X219         4.293021e-02 0.028109480  1.527250e+00 1.268353e-01
X220        -2.069187e-02 0.013796004 -1.499845e+00 1.337908e-01
X221        -1.074834e-01 0.035642348 -3.015608e+00 2.592500e-03
X222         2.271097e-02 0.026408672  8.599814e-01 3.898883e-01
X223         1.172844e-03 0.020676232  5.672425e-02 9.547697e-01
X224         1.327249e-02 0.016180609  8.202716e-01 4.121457e-01
X225        -2.466655e-02 0.017179152 -1.435842e+00 1.511823e-01
X226        -1.506173e-02 0.019001329 -7.926671e-01 4.280530e-01
X227         6.624655e-03 0.025539722  2.593863e-01 7.953602e-01
X228        -4.575040e-02 0.028970511 -1.579206e+00 1.144254e-01
X229        -1.863717e-02 0.034259997 -5.439922e-01 5.864992e-01
X230         1.647584e-02 0.026388173  6.243646e-01 5.324496e-01
X231         2.871141e-02 0.016239970  1.767947e+00 7.720131e-02
X232         3.432194e-02 0.017345751  1.978695e+00 4.796865e-02
X233        -5.926498e-02 0.029501009 -2.008914e+00 4.466211e-02
X234         5.390832e-02 0.029083291  1.853584e+00 6.392573e-02
X235        -8.371124e-02 0.037111759 -2.255653e+00 2.418532e-02
X236         9.194737e-02 0.031026845  2.963478e+00 3.072836e-03
X237        -1.024710e-02 0.027248022 -3.760676e-01 7.069010e-01
X238        -1.690497e-02 0.017100564 -9.885620e-01 3.229807e-01
X239         9.099280e-03 0.036864572  2.468299e-01 8.050617e-01
X240         8.844231e-03 0.031854793  2.776421e-01 7.813119e-01
X241         1.565046e-02 0.016895029  9.263354e-01 3.543682e-01
X242        -4.029550e-02 0.015893538 -2.535339e+00 1.129911e-02
X243         4.413831e-02 0.015586408  2.831846e+00 4.667981e-03
X244         3.111899e-02 0.018488192  1.683182e+00 9.247464e-02
X245        -5.623967e-03 0.030974439 -1.815680e-01 8.559376e-01
X246        -1.073807e-01 0.044990796 -2.386726e+00 1.707893e-02
X247        -2.546506e-02 0.035648848 -7.143305e-01 4.750948e-01
X248        -7.403867e-03 0.026077385 -2.839191e-01 7.764978e-01
X249         2.991926e-02 0.021262270  1.407152e+00 1.595163e-01
X250        -3.268198e-02 0.039699406 -8.232359e-01 4.104586e-01
X251        -5.110193e-02 0.034125177 -1.497485e+00 1.344034e-01
X252        -1.583359e-02 0.035598168 -4.447866e-01 6.565155e-01
X253         1.425344e-03 0.029280127  4.867956e-02 9.611789e-01
X254         2.973613e-02 0.025593558  1.161860e+00 2.454121e-01
X255         4.516550e-02 0.012420672  3.636317e+00 2.825951e-04
X256         4.949039e-02 0.026063733  1.898822e+00 5.771199e-02
X257         1.056052e-02 0.013979322  7.554388e-01 4.500625e-01
X258         6.343138e-02 0.028476607  2.227491e+00 2.601020e-02
X259         6.063081e-03 0.018657969  3.249593e-01 7.452412e-01
X260        -2.164808e-02 0.019215793 -1.126577e+00 2.600379e-01
X261        -3.953098e-02 0.035463960 -1.114680e+00 2.651031e-01
X262         2.254065e-02 0.021756680  1.036034e+00 3.002946e-01
X263        -8.647448e-02 0.039762767 -2.174760e+00 2.974894e-02
X264         3.598103e-02 0.021875158  1.644835e+00 1.001394e-01
X265         2.554538e-02 0.030897347  8.267822e-01 4.084456e-01
X266         4.755996e-02 0.034713584  1.370068e+00 1.707985e-01
X267         2.494912e-02 0.021602950  1.154894e+00 2.482529e-01
X268         2.754629e-02 0.013560815  2.031315e+00 4.233695e-02
X269        -1.345975e-02 0.023890973 -5.633821e-01 5.732292e-01
X270        -1.002947e-02 0.023258379 -4.312198e-01 6.663487e-01
X271         4.708798e-02 0.036611642  1.286148e+00 1.985200e-01
X272        -3.210465e-03 0.015096565 -2.126619e-01 8.316094e-01
X273         8.631824e-03 0.019332580  4.464911e-01 6.552843e-01
X274         1.314933e-02 0.023287045  5.646629e-01 5.723578e-01
X275         9.860027e-03 0.023714970  4.157723e-01 6.776152e-01
X276         2.395338e-02 0.029735768  8.055411e-01 4.205902e-01
X277        -8.279310e-05 0.026747967 -3.095304e-03 9.975306e-01
X278         3.712713e-02 0.018106389  2.050499e+00 4.042804e-02
X279         6.077641e-02 0.033865252  1.794654e+00 7.283914e-02
X280        -1.722500e-02 0.008556902 -2.012996e+00 4.423057e-02
X281        -1.740999e-02 0.022945830 -7.587431e-01 4.480834e-01
X282         4.162946e-02 0.020596025  2.021237e+00 4.336998e-02
X283        -2.959274e-02 0.011403668 -2.595020e+00 9.518224e-03
X284        -1.790691e-02 0.025113001 -7.130533e-01 4.758846e-01
X285        -1.405466e-02 0.030578167 -4.596307e-01 6.458244e-01
X286         3.336143e-02 0.014255546  2.340242e+00 1.935570e-02
X287        -2.110984e-02 0.018597644 -1.135081e+00 2.564586e-01
X288        -1.955405e-02 0.047304898 -4.133621e-01 6.793796e-01
X289         2.102954e-02 0.033247526  6.325143e-01 5.271133e-01
X290        -5.437713e-02 0.027955386 -1.945140e+00 5.187901e-02
X291        -3.614720e-02 0.031528502 -1.146493e+00 2.517098e-01
X292         1.024542e-02 0.013863913  7.389995e-01 4.599822e-01
X293         1.141750e-02 0.025030640  4.561409e-01 6.483314e-01
X294        -6.732357e-02 0.029150508 -2.309516e+00 2.100249e-02
X295        -6.349339e-02 0.042282656 -1.501641e+00 1.333260e-01
X296         2.510400e-02 0.035928193  6.987271e-01 4.847927e-01
X297        -7.417702e-02 0.036091759 -2.055234e+00 3.996825e-02
X298        -7.647257e-02 0.037336281 -2.048211e+00 4.065183e-02
X299        -8.270838e-02 0.032654211 -2.532855e+00 1.137926e-02
X300        -2.399041e-02 0.031685111 -7.571510e-01 4.490364e-01
X301        -2.768188e-02 0.014080200 -1.966015e+00 4.941611e-02
X302        -1.239329e-02 0.027143907 -4.565774e-01 6.480176e-01
X303         1.750460e-02 0.032137239  5.446827e-01 5.860242e-01
X304        -2.924808e-02 0.021784256 -1.342625e+00 1.795250e-01
X305         3.249240e-02 0.012070475  2.691891e+00 7.155930e-03
X306         2.035620e-02 0.018963986  1.073414e+00 2.831973e-01
X307         1.897721e-02 0.020612064  9.206846e-01 3.573110e-01
X308         9.141952e-03 0.011522407  7.934065e-01 4.276223e-01
X309        -7.308416e-02 0.025833941 -2.828998e+00 4.709583e-03
X310         2.863961e-02 0.021955903  1.304415e+00 1.922216e-01
X311        -5.490536e-02 0.022070152 -2.487765e+00 1.292467e-02
X312        -7.492629e-02 0.028281790 -2.649277e+00 8.121220e-03
X313         8.001075e-03 0.025815828  3.099290e-01 7.566428e-01
X314        -6.402995e-03 0.024665628 -2.595918e-01 7.952017e-01
X315         2.082465e-05 0.032194956  6.468295e-04 9.994840e-01
X316         3.205344e-02 0.017847042  1.796008e+00 7.262341e-02
X317        -2.287068e-02 0.025143494 -9.096063e-01 3.631248e-01
X318         2.713237e-02 0.037749061  7.187561e-01 4.723637e-01
X319         7.241277e-04 0.018252172  3.967351e-02 9.683568e-01
X320         5.672016e-02 0.033487815  1.693755e+00 9.044622e-02
X321         1.924970e-03 0.020763363  9.270993e-02 9.261420e-01
X322        -3.574496e-02 0.012957001 -2.758737e+00 5.848103e-03
X323        -2.477640e-02 0.021834107 -1.134757e+00 2.565947e-01
X324         1.578503e-02 0.019649375  8.033348e-01 4.218637e-01
X325         6.379045e-03 0.017556817  3.633372e-01 7.163861e-01
X326        -6.795794e-02 0.033287699 -2.041533e+00 4.131093e-02
X327        -1.821158e-02 0.018869893 -9.651132e-01 3.345888e-01
X328        -1.873545e-02 0.032926328 -5.690111e-01 5.694037e-01
X329        -4.183103e-02 0.023323088 -1.793546e+00 7.301602e-02
X330        -9.345247e-02 0.022736551 -4.110231e+00 4.090183e-05
X331         1.195959e-02 0.022474919  5.321307e-01 5.946865e-01
X332        -1.124316e-01 0.036345930 -3.093376e+00 2.002534e-03
X333        -2.827284e-02 0.041035452 -6.889856e-01 4.909013e-01
X334        -1.018249e-02 0.012245435 -8.315333e-01 4.057581e-01
X335        -1.411956e-02 0.033056491 -4.271344e-01 6.693212e-01
X336         3.057508e-02 0.013301408  2.298634e+00 2.161433e-02
X337         5.028480e-03 0.029245731  1.719390e-01 8.635005e-01
X338         3.083457e-02 0.033466797  9.213480e-01 3.569647e-01
X339         3.935952e-02 0.028738130  1.369592e+00 1.709469e-01
X340         1.179305e-02 0.014726072  8.008282e-01 4.233132e-01
X341         3.829312e-02 0.035327795  1.083938e+00 2.785053e-01
X342         3.483560e-02 0.026709758  1.304227e+00 1.922856e-01
X343         3.276663e-02 0.021795611  1.503359e+00 1.328828e-01
X344        -2.494488e-02 0.041216197 -6.052203e-01 5.450919e-01
X345        -4.519600e-02 0.028605566 -1.579972e+00 1.142497e-01
X346         2.861653e-02 0.023192382  1.233876e+00 2.173741e-01
X347        -1.338505e-02 0.017842864 -7.501626e-01 4.532329e-01
X348         7.989704e-02 0.034401599  2.322481e+00 2.029331e-02
X349         5.646944e-02 0.028060895  2.012389e+00 4.429444e-02
X350        -1.777323e-02 0.017836044 -9.964782e-01 3.191219e-01
X351        -2.813361e-02 0.020395203 -1.379423e+00 1.678975e-01
X352         1.209700e-02 0.016574517  7.298553e-01 4.655524e-01
X353         9.527715e-03 0.011382866  8.370225e-01 4.026662e-01
X354         4.393095e-02 0.026280779  1.671600e+00 9.473827e-02
X355        -5.823830e-02 0.029310204 -1.986963e+00 4.704404e-02
X356         4.034781e-02 0.024427007  1.651770e+00 9.871685e-02
X357        -5.900550e-02 0.023102582 -2.554065e+00 1.071081e-02
X358         3.553473e-02 0.017383786  2.044131e+00 4.105347e-02
X359         1.144298e-02 0.018675021  6.127426e-01 5.401067e-01
X360         3.644677e-02 0.020695231  1.761119e+00 7.835009e-02
X361        -1.960030e-02 0.024231791 -8.088673e-01 4.186745e-01
X362        -5.852269e-02 0.029727512 -1.968637e+00 4.911379e-02
X363        -6.008038e-03 0.037992055 -1.581393e-01 8.743608e-01
X364         8.884974e-03 0.010178085  8.729514e-01 3.827800e-01
X365         1.918049e-02 0.010927974  1.755174e+00 7.936171e-02
X366         1.923516e-02 0.033545415  5.734065e-01 5.664251e-01
X367        -6.543399e-03 0.023089944 -2.833874e-01 7.769052e-01
X368         1.785332e-02 0.020329556  8.781954e-01 3.799288e-01
X369         2.684476e-02 0.025796976  1.040617e+00 2.981621e-01
X370        -6.638312e-03 0.014201373 -4.674416e-01 6.402279e-01
X371         4.813365e-02 0.009611289  5.008033e+00 5.913496e-07
X372         9.163430e-03 0.013119604  6.984532e-01 4.849639e-01
X373         6.041294e-03 0.020551386  2.939604e-01 7.688145e-01
X374         1.770664e-02 0.021686375  8.164871e-01 4.143056e-01
X375        -1.258089e-02 0.018106729 -6.948184e-01 4.872388e-01
X376         3.459148e-02 0.025721521  1.344846e+00 1.788066e-01
X377        -4.328096e-02 0.020118154 -2.151338e+00 3.155259e-02
X378        -3.570864e-02 0.021901709 -1.630404e+00 1.031520e-01
X379         2.997394e-02 0.038151126  7.856633e-01 4.321451e-01
X380        -1.720182e-02 0.012842050 -1.339491e+00 1.805421e-01
X381         1.289707e-02 0.014631635  8.814511e-01 3.781651e-01
X382        -5.329459e-02 0.045902752 -1.161033e+00 2.457483e-01
X383        -5.528592e-02 0.021729791 -2.544245e+00 1.101581e-02
X384        -1.131807e-02 0.035100218 -3.224502e-01 7.471407e-01
X385         5.122814e-02 0.036015741  1.422382e+00 1.550500e-01
X386         3.759116e-02 0.031162628  1.206290e+00 2.278289e-01
X387        -8.396047e-03 0.022485705 -3.733949e-01 7.088887e-01
X388        -1.959482e-02 0.018080528 -1.083753e+00 2.785873e-01
X389        -7.983846e-02 0.030660656 -2.603938e+00 9.274790e-03
X390        -9.465350e-02 0.062995030 -1.502555e+00 1.330901e-01
X391        -2.917860e-02 0.035389180 -8.245063e-01 4.097368e-01
X392        -5.020208e-02 0.042682219 -1.176183e+00 2.396428e-01
X393        -5.421068e-03 0.027115646 -1.999240e-01 8.415576e-01
X394        -2.028767e-02 0.030989578 -6.546609e-01 5.127511e-01
X395         4.557954e-02 0.019902955  2.290089e+00 2.210562e-02
X396         1.647602e-03 0.016593345  9.929294e-02 9.209143e-01
X397        -4.812715e-04 0.019967348 -2.410293e-02 9.807726e-01
X398        -5.718982e-02 0.042922242 -1.332405e+00 1.828581e-01
X399        -3.681032e-04 0.026970696 -1.364826e-02 9.891118e-01
X400        -8.967269e-03 0.015560757 -5.762746e-01 5.644856e-01
X401        -1.693244e-02 0.011657464 -1.452498e+00 1.464986e-01
X402         1.746342e-02 0.031396504  5.562217e-01 5.781130e-01
X403         5.443445e-03 0.021860715  2.490058e-01 8.033784e-01
X404        -3.155233e-03 0.013862725 -2.276055e-01 8.199730e-01
X405         7.925338e-03 0.027732319  2.857799e-01 7.750723e-01
X406        -4.784811e-02 0.026314343 -1.818328e+00 6.914306e-02
X407         1.174967e-01 0.051233870  2.293340e+00 2.191761e-02
X408         2.843290e-02 0.019450431  1.461813e+00 1.439279e-01
X409        -7.098265e-02 0.024140079 -2.940448e+00 3.309839e-03
X410        -4.728099e-03 0.019693467 -2.400846e-01 8.102859e-01
X411        -1.889895e-03 0.012208330 -1.548037e-01 8.769896e-01
X412         7.716059e-03 0.025609577  3.012959e-01 7.632159e-01
X413         3.145677e-02 0.036567918  8.602287e-01 3.897520e-01
X414         1.580470e-02 0.016202815  9.754294e-01 3.294492e-01
X415         2.247025e-02 0.016329858  1.376022e+00 1.689478e-01
X416        -5.937409e-03 0.022755600 -2.609208e-01 7.941768e-01
X417        -3.675726e-03 0.017232316 -2.133043e-01 8.311084e-01
X418         1.888280e-02 0.020405644  9.253712e-01 3.548692e-01
X419        -4.377921e-02 0.038048694 -1.150610e+00 2.500114e-01
X420        -2.735853e-02 0.012863615 -2.126815e+00 3.354082e-02
X421         3.462696e-02 0.027839105  1.243824e+00 2.136900e-01
X422        -3.802453e-02 0.027551579 -1.380122e+00 1.676823e-01
X423         1.315012e-02 0.018399307  7.147075e-01 4.748618e-01
X424         1.804685e-02 0.031644997  5.702908e-01 5.685358e-01
X425         6.181148e-02 0.038108825  1.621973e+00 1.049452e-01
X426         6.739996e-02 0.036272262  1.858168e+00 6.327188e-02
X427        -1.065609e-02 0.026802443 -3.975791e-01 6.909771e-01
X428        -1.579990e-02 0.017718743 -8.917057e-01 3.726433e-01
X429         4.243774e-02 0.021919224  1.936097e+00 5.297735e-02
X430        -6.573058e-02 0.041446709 -1.585906e+00 1.128971e-01
X431        -2.435643e-02 0.024155797 -1.008306e+00 3.134129e-01
X432         3.717662e-02 0.018011828  2.064012e+00 3.912772e-02
X433         2.508679e-02 0.017070527  1.469597e+00 1.418068e-01
X434        -3.397854e-03 0.035050703 -9.694111e-02 9.227815e-01
X435         2.962402e-02 0.031558282  9.387082e-01 3.479784e-01
X436         5.504745e-02 0.031580053  1.743108e+00 8.144734e-02
X437        -1.601563e-02 0.028909197 -5.539978e-01 5.796338e-01
X438        -3.532274e-02 0.021852955 -1.616383e+00 1.061477e-01
X439         1.572585e-02 0.028908396  5.439889e-01 5.865015e-01
X440        -1.215411e-02 0.021590503 -5.629379e-01 5.735317e-01
X441         3.480835e-02 0.027796731  1.252246e+00 2.106065e-01
X442         1.480442e-03 0.030358237  4.876573e-02 9.611102e-01
X443         4.180772e-02 0.029607645  1.412058e+00 1.580671e-01
X444         2.560652e-02 0.027040721  9.469616e-01 3.437571e-01
X445         7.470843e-03 0.022953421  3.254784e-01 7.448484e-01
X446         1.730999e-02 0.037250673  4.646893e-01 6.421976e-01
X447         7.073998e-02 0.022666055  3.120966e+00 1.824806e-03
X448         6.674981e-03 0.032968631  2.024646e-01 8.395713e-01
X449        -1.192811e-02 0.012891134 -9.252955e-01 3.549086e-01
X450         4.793045e-02 0.022202482  2.158788e+00 3.096902e-02
X451        -2.607248e-03 0.023284336 -1.119743e-01 9.108534e-01
X452         2.273573e-02 0.027213676  8.354525e-01 4.035491e-01
X453         4.782235e-02 0.028045461  1.705172e+00 8.829631e-02
X454         1.358967e-02 0.012979568  1.047005e+00 2.952064e-01
X455        -1.378943e-01 0.056458942 -2.442382e+00 1.466497e-02
X456        -6.554562e-03 0.032725925 -2.002865e-01 8.412741e-01
X457        -3.174642e-02 0.020236863 -1.568742e+00 1.168445e-01
X458        -5.410786e-02 0.039894114 -1.356287e+00 1.751401e-01
X459        -1.753323e-02 0.018358853 -9.550288e-01 3.396628e-01
X460         2.824765e-02 0.024348990  1.160116e+00 2.461211e-01
X461         1.829301e-02 0.022819411  8.016427e-01 4.228419e-01
X462         4.000324e-03 0.015302408  2.614180e-01 7.937934e-01
X463        -1.146585e-02 0.025523794 -4.492219e-01 6.533136e-01
X464        -1.065938e-02 0.025855365 -4.122695e-01 6.801800e-01
X465        -3.941876e-03 0.012999668 -3.032289e-01 7.617426e-01
X466         6.775417e-02 0.023937115  2.830507e+00 4.687498e-03
X467         1.781139e-02 0.011405584  1.561638e+00 1.185099e-01
X468        -3.543797e-02 0.023570279 -1.503502e+00 1.328458e-01
X469         3.525300e-02 0.012422669  2.837796e+00 4.582147e-03
X470         1.561508e-02 0.010692339  1.460398e+00 1.443162e-01
X471         1.121165e-02 0.023153427  4.842328e-01 6.282664e-01
X472         2.006881e-02 0.024782249  8.098057e-01 4.181350e-01
X473        -8.842430e-03 0.017059490 -5.183291e-01 6.042782e-01
X474         5.348729e-03 0.027167693  1.968783e-01 8.439401e-01
X475         2.100451e-03 0.023065575  9.106430e-02 9.274494e-01
X476        -4.709180e-02 0.030811429 -1.528387e+00 1.265529e-01
X477        -1.461795e-02 0.030896894 -4.731203e-01 6.361719e-01
X478         3.427258e-03 0.022350026  1.533447e-01 8.781398e-01
X479         4.315628e-02 0.012031286  3.587005e+00 3.414258e-04
X480        -4.588030e-02 0.026862200 -1.707987e+00 8.777266e-02
X481        -5.274467e-03 0.031453499 -1.676909e-01 8.668411e-01
X482         2.107683e-02 0.007901984  2.667283e+00 7.699950e-03
X483        -6.658788e-03 0.011701781 -5.690406e-01 5.693838e-01
X484        -3.775223e-02 0.041719573 -9.049045e-01 3.656101e-01
X485         7.166195e-03 0.031173441  2.298814e-01 8.182042e-01
X486         2.036276e-03 0.027442475  7.420163e-02 9.408564e-01
X487         1.779537e-02 0.013652407  1.303460e+00 1.925473e-01
X488        -1.355879e-02 0.009508599 -1.425951e+00 1.540172e-01
X489         2.228287e-02 0.064518231  3.453732e-01 7.298451e-01
X490        -1.418544e-02 0.034826773 -4.073142e-01 6.838149e-01
X491         4.521339e-02 0.027404791  1.649835e+00 9.911216e-02
X492        -5.107839e-02 0.038374288 -1.331058e+00 1.833010e-01
X493         2.472751e-03 0.012173098  2.031324e-01 8.390494e-01
X494        -1.332794e-02 0.041853673 -3.184413e-01 7.501789e-01
X495        -2.468962e-02 0.011564125 -2.135019e+00 3.286412e-02
X496        -1.606562e-02 0.017720250 -9.066250e-01 3.646994e-01
X497         3.428965e-02 0.019993805  1.715014e+00 8.647637e-02
X498        -7.919936e-02 0.018906352 -4.189034e+00 2.906331e-05
X499         9.990889e-02 0.047698063  2.094611e+00 3.631394e-02
X500        -3.711005e-02 0.031930949 -1.162197e+00 2.452752e-01
X501        -1.090748e-02 0.019214577 -5.676670e-01 5.703161e-01
X502         1.044737e-01 0.052636027  1.984833e+00 4.728078e-02
X503        -6.702384e-04 0.023336362 -2.872078e-02 9.770898e-01
X504        -3.220269e-02 0.026168743 -1.230578e+00 2.186056e-01
X505         1.099612e-02 0.011436472  9.614961e-01 3.364031e-01
X506         2.935625e-02 0.021691461  1.353355e+00 1.760742e-01
X507         2.061307e-02 0.011682633  1.764420e+00 7.779304e-02
X508         6.611118e-03 0.012311381  5.369924e-01 5.913244e-01
X509        -3.722509e-03 0.021843303 -1.704188e-01 8.646957e-01
X510        -2.034009e-02 0.028484000 -7.140884e-01 4.752444e-01
X511         3.511171e-02 0.017703034  1.983372e+00 4.744372e-02
X512        -5.465788e-02 0.028820335 -1.896504e+00 5.801770e-02
X513        -1.960268e-02 0.018424161 -1.063966e+00 2.874550e-01
X514         4.320508e-02 0.025931222  1.666141e+00 9.582042e-02
X515         2.862986e-02 0.034278051  8.352242e-01 4.036776e-01
X516        -1.757913e-02 0.025106639 -7.001786e-01 4.838861e-01
X517        -3.043579e-02 0.029632274 -1.027116e+00 3.044729e-01
X518        -2.460292e-03 0.018333050 -1.341998e-01 8.932562e-01
X519         1.939720e-02 0.019694971  9.848808e-01 3.247854e-01
X520        -1.450052e-02 0.030664460 -4.728770e-01 6.363455e-01
X521        -4.463862e-03 0.026778642 -1.666949e-01 8.676247e-01
X522        -1.101462e-02 0.064254812 -1.714209e-01 8.639078e-01
X523         4.002861e-02 0.021239199  1.884657e+00 5.960117e-02
X524         7.959739e-02 0.056663827  1.404730e+00 1.602356e-01
X525         1.152116e-02 0.047333238  2.434053e-01 8.077130e-01
X526         3.993568e-02 0.015908802  2.510289e+00 1.213089e-02
X527        -6.622487e-02 0.035798366 -1.849941e+00 6.444928e-02
X528        -1.098615e-01 0.035711722 -3.076342e+00 2.120062e-03
X529         2.832032e-02 0.012608448  2.246138e+00 2.478901e-02
X530        -2.358769e-02 0.018198966 -1.296101e+00 1.950699e-01
X531        -4.022507e-02 0.061213830 -6.571239e-01 5.111665e-01
X532         2.115561e-03 0.013659339  1.548802e-01 8.769293e-01
X533        -6.684201e-03 0.031293650 -2.135961e-01 8.308809e-01
X534        -1.818866e-03 0.054647346 -3.328370e-02 9.734512e-01
X535         7.519793e-02 0.031924570  2.355488e+00 1.858133e-02
X536         2.548822e-02 0.039492988  6.453859e-01 5.187410e-01
X537        -1.849002e-02 0.043406464 -4.259739e-01 6.701664e-01
X538         3.011539e-02 0.029758343  1.011998e+00 3.116445e-01
X539         1.119906e-02 0.023252351  4.816313e-01 6.301134e-01
X540         3.057337e-02 0.022885146  1.335948e+00 1.816973e-01
X541        -1.089981e-02 0.042758939 -2.549130e-01 7.988129e-01
X542         1.653194e-03 0.024300453  6.803139e-02 9.457665e-01
X543         7.478677e-02 0.026510908  2.820981e+00 4.828478e-03
X544         3.421351e-02 0.019135725  1.787939e+00 7.391648e-02
X545         7.488626e-03 0.031663861  2.365039e-01 8.130626e-01
X546         1.702647e-02 0.049367436  3.448927e-01 7.302063e-01
X547         2.635417e-03 0.039803047  6.621145e-02 9.472152e-01
X548        -8.326607e-02 0.036731679 -2.266874e+00 2.348975e-02
X549         2.357768e-02 0.035215159  6.695322e-01 5.032228e-01
X550        -1.274786e-02 0.056806049 -2.244102e-01 8.224579e-01
X551        -7.200439e-03 0.022974029 -3.134165e-01 7.539925e-01
X552        -3.085562e-03 0.018440345 -1.673267e-01 8.671276e-01
X553         2.638845e-03 0.021633310  1.219806e-01 9.029249e-01
X554         2.465455e-02 0.023129515  1.065934e+00 2.865644e-01
X555        -4.625798e-03 0.018106704 -2.554743e-01 7.983795e-01
X556        -8.200842e-02 0.062022083 -1.322246e+00 1.862169e-01
X557        -4.700287e-03 0.031230453 -1.505033e-01 8.803806e-01
X558        -3.490104e-02 0.028139283 -1.240296e+00 2.149915e-01
X559        -2.233557e-02 0.016124754 -1.385173e+00 1.661330e-01
X560         6.256934e-04 0.024093379  2.596952e-02 9.792839e-01
X561         2.371033e-02 0.014822810  1.599584e+00 1.098272e-01
X562         1.891272e-02 0.009307116  2.032071e+00 4.226036e-02
X563         1.605236e-03 0.020009725  8.022277e-02 9.360670e-01
X564        -2.338208e-02 0.043679280 -5.353128e-01 5.924849e-01
X565        -3.736862e-02 0.011633189 -3.212242e+00 1.335092e-03
X566         1.423767e-01 0.074159536  1.919871e+00 5.499684e-02
X567         1.664164e-02 0.010848289  1.534033e+00 1.251580e-01
X568        -3.156183e-03 0.019713221 -1.601049e-01 8.728124e-01
X569        -3.825077e-02 0.014386791 -2.658742e+00 7.897262e-03
X570         3.691305e-02 0.029737573  1.241293e+00 2.146231e-01
X571        -4.439302e-02 0.044241316 -1.003429e+00 3.157587e-01
X572        -5.603022e-02 0.034049746 -1.645540e+00 9.999413e-02
X573         8.529143e-03 0.018278192  4.666295e-01 6.408089e-01
X574         3.499185e-03 0.016375058  2.136899e-01 8.308077e-01
X575         3.541911e-02 0.026153557  1.354275e+00 1.757806e-01
X576        -3.444202e-03 0.027607461 -1.247562e-01 9.007274e-01
X577         6.373999e-03 0.013712853  4.648194e-01 6.421045e-01
X578         1.741344e-02 0.019399470  8.976246e-01 3.694790e-01
X579         3.896506e-02 0.020705738  1.881849e+00 5.998183e-02
X580         4.275221e-03 0.032461820  1.317000e-01 8.952330e-01
X581        -5.347781e-02 0.037470258 -1.427207e+00 1.536550e-01
X582        -2.102565e-02 0.014299915 -1.470334e+00 1.416071e-01
X583         4.268122e-04 0.009518701  4.483934e-02 9.642392e-01
X584         5.347926e-02 0.058766531  9.100292e-01 3.629018e-01
X585         1.094929e-01 0.026807922  4.084347e+00 4.570202e-05
X586        -9.477818e-03 0.026124368 -3.627961e-01 7.167903e-01
X587         4.804154e-02 0.024823231  1.935346e+00 5.306942e-02
X588         1.420852e-03 0.049084085  2.894731e-02 9.769091e-01
X589         2.495950e-04 0.017816288  1.400937e-02 9.888237e-01
X590        -1.658533e-03 0.060578756 -2.737812e-02 9.781605e-01
X591         1.016697e-02 0.073896846  1.375833e-01 8.905817e-01
X592         1.335710e-02 0.010094862  1.323159e+00 1.859132e-01
X593        -1.989206e-02 0.052857030 -3.763371e-01 7.067008e-01
X594        -5.274835e-02 0.025394244 -2.077177e+00 3.789511e-02
X595        -1.978670e-02 0.038209055 -5.178537e-01 6.046098e-01
X596         3.850018e-02 0.026413568  1.457591e+00 1.450888e-01
X597        -5.868576e-03 0.019934913 -2.943869e-01 7.684887e-01
X598        -1.362083e-03 0.019500849 -6.984734e-02 9.443212e-01
X599         1.320274e-01 0.054346813  2.429349e+00 1.520150e-02
X600         1.034330e-01 0.034286483  3.016729e+00 2.582972e-03
X601         7.533939e-02 0.020082687  3.751460e+00 1.801224e-04
X602        -1.052216e-02 0.013403204 -7.850483e-01 4.325055e-01
X603         1.908817e-02 0.017509688  1.090149e+00 2.757608e-01
X604         4.011932e-02 0.057088889  7.027518e-01 4.822811e-01
X605         7.948647e-02 0.044745048  1.776431e+00 7.579316e-02
X606         1.409474e-02 0.050279323  2.803289e-01 7.792502e-01
X607         1.850089e-02 0.044581045  4.149945e-01 6.781844e-01
X608         9.440830e-02 0.031961438  2.953819e+00 3.170285e-03
X609         1.614243e-02 0.039854134  4.050378e-01 6.854871e-01
X610         3.372419e-02 0.039644382  8.506675e-01 3.950420e-01
X611         1.598063e-02 0.022949041  6.963527e-01 4.862778e-01
X612        -3.450680e-03 0.045685594 -7.553104e-02 9.397987e-01
X613        -6.752479e-02 0.026173548 -2.579887e+00 9.944342e-03
X614        -1.330192e-01 0.053309867 -2.495209e+00 1.265740e-02
X615         6.162937e-02 0.056277978  1.095089e+00 2.735917e-01
X616         2.511486e-02 0.033916819  7.404841e-01 4.590813e-01
X617         4.137718e-03 0.030254747  1.367626e-01 8.912303e-01
X618        -9.893427e-03 0.030672641 -3.225489e-01 7.470660e-01
X619         8.070685e-02 0.042034229  1.920027e+00 5.497715e-02
X620         1.023290e-01 0.047018053  2.176377e+00 2.962777e-02
X621        -9.047538e-03 0.031010698 -2.917554e-01 7.704998e-01
X622         9.569633e-03 0.023289796  4.108938e-01 6.811884e-01
X623         1.678782e-02 0.020173638  8.321662e-01 4.054009e-01
X624         1.586748e-02 0.019833101  8.000502e-01 4.237637e-01
X625        -5.366999e-02 0.026724782 -2.008248e+00 4.473281e-02
X626        -8.089731e-03 0.024089321 -3.358223e-01 7.370353e-01
X627        -9.743915e-04 0.030732230 -3.170585e-02 9.747094e-01
X628        -1.307481e-02 0.026505932 -4.932786e-01 6.218625e-01
X629        -4.385645e-02 0.051226915 -8.561213e-01 3.920192e-01
X630         1.734702e-02 0.011245986  1.542508e+00 1.230868e-01
X631         6.139142e-02 0.070129762  8.753975e-01 3.814484e-01
X632         6.072499e-02 0.033835369  1.794719e+00 7.282874e-02
X633        -1.565627e-02 0.046627946 -3.357702e-01 7.370746e-01
X634         2.728382e-02 0.016729645  1.630867e+00 1.030544e-01
X635         2.667835e-02 0.028501473  9.360341e-01 3.493532e-01
X636        -2.426412e-02 0.067215248 -3.609912e-01 7.181389e-01
X637         9.169062e-03 0.023637604  3.879015e-01 6.981246e-01
X638         2.591334e-02 0.041883495  6.187005e-01 5.361745e-01
X639         1.018389e-02 0.045764578  2.225279e-01 8.239226e-01
X640        -2.636392e-02 0.036579856 -7.207224e-01 4.711531e-01
X641        -5.186076e-02 0.021814559 -2.377346e+00 1.751845e-02
X642         6.720936e-02 0.053153527  1.264438e+00 2.061999e-01
X643        -8.878410e-03 0.042130231 -2.107373e-01 8.331108e-01
X644         5.021312e-02 0.031831656  1.577459e+00 1.148265e-01
X645        -1.210991e-02 0.035912158 -3.372091e-01 7.359898e-01
X646        -1.361220e-02 0.035951844 -3.786231e-01 7.050025e-01
X647         1.051590e-02 0.028679740  3.666663e-01 7.139014e-01
X648         1.348833e-02 0.029051543  4.642895e-01 6.424840e-01
X649        -2.243304e-02 0.017945506 -1.250065e+00 2.114022e-01
X650        -5.488842e-02 0.031939551 -1.718509e+00 8.583734e-02
X651        -1.123802e-02 0.034845393 -3.225111e-01 7.470947e-01
X652         3.741088e-02 0.038349837  9.755161e-01 3.294061e-01
X653         7.933116e-02 0.043814490  1.810615e+00 7.033000e-02
X654         3.312314e-02 0.048834285  6.782763e-01 4.976642e-01
X655         1.915446e-02 0.035519328  5.392685e-01 5.897534e-01
X656         4.766662e-02 0.076078229  6.265475e-01 5.310176e-01
X657         1.227390e-01 0.044702587  2.745679e+00 6.085219e-03
X658         1.514711e-02 0.022968191  6.594822e-01 5.096517e-01
X659         2.698966e-02 0.037564698  7.184846e-01 4.725310e-01
X660        -3.254370e-02 0.088161470 -3.691375e-01 7.120590e-01
X661        -1.376955e-02 0.044905577 -3.066334e-01 7.591500e-01
X662        -7.043590e-03 0.036666992 -1.920962e-01 8.476837e-01
X663        -2.267658e-02 0.045888490 -4.941670e-01 6.212351e-01
X664         5.987021e-02 0.054244961  1.103701e+00 2.698375e-01
X665        -8.386013e-02 0.035471254 -2.364172e+00 1.815250e-02
X666         7.002805e-02 0.033435864  2.094399e+00 3.633281e-02
X667        -4.493077e-02 0.042485719 -1.057550e+00 2.903709e-01
X668         1.103911e-03 0.012907134  8.552720e-02 9.318497e-01
X669         1.907814e-01 0.073945199  2.580037e+00 9.940017e-03
X670        -8.136653e-02 0.059944821 -1.357357e+00 1.748000e-01
X671        -2.000849e-02 0.032783678 -6.103187e-01 5.417106e-01
X672         1.702029e-03 0.039666913  4.290802e-02 9.657786e-01
X673         3.344770e-03 0.012375749  2.702681e-01 7.869781e-01
X674        -7.890792e-02 0.029913542 -2.637866e+00 8.398756e-03
X675         3.856102e-03 0.027199001  1.417737e-01 8.872711e-01
X676         7.837298e-02 0.031677907  2.474058e+00 1.342995e-02
X677        -6.772741e-02 0.045377865 -1.492521e+00 1.356988e-01
X678        -6.086786e-02 0.033763415 -1.802776e+00 7.155336e-02
X679         7.595941e-02 0.056393140  1.346962e+00 1.781242e-01
X680        -2.369673e-02 0.050047491 -4.734849e-01 6.359119e-01
X681         3.151851e-01 0.178857347  1.762215e+00 7.816480e-02
X682        -3.207898e-02 0.045310471 -7.079817e-01 4.790278e-01